1 357 367
2 83 424
3 89 415
4 69 434
5 81 434
6 62 492
7 45 444
8 80 513
9 70 513
10 73 499
11 84 534
12 95 544
13 91 519
14 106 536
15 95 532
16 91 500
17 79 485
18 353 380
19 327 374
20 108 550
21 417 478
22 419 487
23 362 420
24 350 410
25 341 420
26 420 471
27 411 467
28 534 491
29 524 500
30 519 615
31 46 368
32 40 324
33 46 339
34 46 351
35 39 382
36 40 398
37 90 404
38 71 390
39 83 395
40 54 389
41 67 399
42 75 407
43 57 358
44 62 368
45 61 380
46 81 360
47 73 371
48 80 381
49 137 384
50 101 394
51 78 446
52 63 446
53 115 541
54 97 489
55 317 357
56 337 352
57 347 351
58 348 365
59 329 360
60 350 340
61 272 376
62 287 377
63 322 409
64 332 394
65 340 374
66 342 397
67 333 409
68 308 379
69 317 379
70 312 367
71 124 543
72 410 488
73 511 531
74 515 541
75 516 521
76 347 433
77 334 442
78 357 356
79 366 367
80 299 411
81 310 409
82 623 502
83 611 484
84 539 475
85 483 248
86 491 233
87 502 244
88 532 520
89 524 513
90 526 531
91 541 525
92 537 504
93 547 518
94 589 558
95 561 520
96 582 526
97 578 564
98 590 591
99 583 581
100 523 577
101 538 553
102 532 566
103 528 543
104 532 623
105 537 608
106 517 599
107 516 587
108 503 545
109 515 557
110 504 571
111 522 633
112 486 648
113 504 632
114 476 639
115 535 635
116 527 70
117 510 118
118 507 127
119 497 165
120 489 216
121 477 231
122 524 114
123 507 184
124 521 169
125 509 163
126 507 141
127 568 103
128 523 151
129 35 345
130 35 333
131 35 359
132 71 344
133 66 340
134 63 351
135 72 356
136 88 344
137 78 346
138 56 343
139 50 327
140 55 415
141 52 399
142 43 409
143 60 403
144 68 419
145 42 422
146 53 435
147 89 357
148 88 371
149 94 383
150 113 373
151 128 378
152 121 386
153 109 385
154 100 369
155 96 339
156 100 355
157 102 409
158 80 464
159 73 452
160 108 523
161 106 507
162 118 504
163 262 365
164 256 380
165 148 490
166 299 390
167 300 380
168 299 401
169 285 394
170 290 386
171 276 384
172 279 397
173 292 396
174 313 397
175 310 390
176 308 403
177 320 401
178 325 389
179 124 517
180 130 499
181 451 401
182 405 475
183 310 446
184 308 459
185 311 427
186 328 424
187 315 417
188 322 436
189 304 437
190 305 418
191 297 424
192 414 460
193 362 451
194 349 448
195 361 434
196 351 460
197 363 468
198 387 445
199 373 443
200 378 432
201 395 431
202 400 447
203 400 459
204 378 458
205 383 453
206 370 456
207 369 396
208 372 382
209 356 392
210 363 408
211 375 679
212 666 396
213 686 411
214 677 404
215 610 377
216 591 380
217 590 391
218 517 421
219 503 405
220 634 403
221 647 495
222 648 508
223 644 524
224 630 515
225 626 524
226 635 527
227 633 538
228 554 488
229 544 487
230 593 505
231 602 494
232 599 515
233 583 510
234 558 504
235 548 503
236 561 497
237 557 512
238 571 509
239 523 488
240 526 477
241 457 263
242 470 255
243 454 254
244 593 540
245 565 540
246 568 554
247 557 551
248 549 549
249 579 546
250 543 538
251 557 531
252 570 527
253 557 603
254 253 640
255 517 644
256 552 579
257 556 588
258 538 594
259 543 571
260 553 565
261 563 566
262 571 577
263 555 619
264 545 616
265 564 614
266 547 628
267 400 612
268 457 617
269 456 602
270 479 566
271 490 573
272 493 557
273 484 207
274 534 93
275 549 92
276 525 99
277 532 80
278 538 113
279 525 136
280 523 126
281 80 334
282 95 323
283 139 375
284 106 337
285 111 352
286 119 362
287 150 375
288 157 380
289 90 433
290 100 441
291 87 451
292 89 443
293 101 423
294 100 433
295 113 399
296 69 478
297 70 463
298 116 574
299 101 558
300 343 333
301 369 266
302 346 247
303 349 260
304 300 368
305 306 356
306 289 367
307 465 229
308 456 247
309 466 244
310 483 167
311 444 259
312 424 210
313 231 60
314 224 74
315 267 393
316 288 408
317 191 361
318 199 352
319 183 357
320 192 348
321 207 432
322 192 437
323 197 428
324 172 484
325 168 460
326 150 422
327 184 619
328 191 612
329 136 562
330 147 573
331 131 577
332 119 560
333 133 549
334 127 530
335 146 504
336 189 566
337 384 475
338 397 485
339 387 484
340 394 470
341 385 464
342 379 483
343 374 465
344 370 477
345 348 481
346 288 545
347 416 649
348 335 457
349 321 452
350 351 471
351 338 477
352 314 480
353 317 465
354 324 488
355 330 469
356 383 412
357 377 405
358 376 421
359 361 348
360 361 334
361 370 340
362 372 356
363 367 237
364 362 254
365 376 216
366 388 674
367 680 419
368 668 413
369 678 432
370 679 378
371 688 382
372 683 395
373 651 413
374 659 406
375 572 440
376 580 448
377 612 470
378 626 485
379 641 416
380 657 441
381 669 425
382 657 422
383 645 428
384 554 434
385 593 398
386 599 406
387 579 403
388 575 390
389 569 349
390 614 387
391 626 388
392 672 370
393 634 380
394 616 535
395 609 522
396 608 540
397 623 532
398 585 493
399 596 476
400 587 458
401 612 447
402 598 459
403 612 458
404 548 457
405 528 463
406 548 469
407 539 454
408 560 448
409 546 444
410 538 430
411 536 442
412 530 451
413 389 389
414 502 342
415 490 385
416 492 395
417 617 551
418 627 549
419 580 610
420 574 594
421 565 592
422 570 604
423 579 588
424 580 601
425 293 683
426 433 673
427 425 654
428 464 562
429 441 561
430 435 560
431 448 555
432 438 574
433 454 585
434 452 573
435 493 583
436 443 664
437 586 128
438 578 115
439 601 135
440 579 144
441 557 134
442 546 125
443 540 143
444 569 137
445 572 126
446 556 111
447 48 313
448 58 327
449 66 328
450 78 322
451 62 313
452 74 309
453 86 307
454 132 360
455 109 442
456 113 431
457 117 452
458 128 478
459 127 426
460 113 417
461 57 461
462 65 457
463 57 452
464 61 468
465 49 458
466 55 475
467 313 347
468 329 324
469 326 347
470 335 338
471 364 290
472 316 238
473 309 249
474 317 255
475 299 258
476 261 297
477 247 360
478 300 350
479 450 221
480 432 227
481 431 218
482 438 209
483 449 186
484 460 205
485 454 212
486 459 193
487 468 195
488 472 199
489 475 203
490 474 214
491 465 219
492 384 225
493 374 246
494 443 240
495 448 245
496 439 234
497 444 227
498 457 235
499 431 256
500 438 249
501 433 239
502 420 224
503 387 235
504 394 221
505 413 218
506 405 233
507 422 198
508 444 198
509 430 186
510 198 75
511 217 60
512 207 138
513 189 110
514 203 113
515 195 94
516 190 126
517 183 121
518 209 418
519 207 424
520 215 428
521 219 416
522 204 360
523 220 362
524 198 370
525 180 373
526 189 339
527 181 346
528 161 370
529 144 366
530 165 442
531 172 454
532 179 445
533 152 441
534 171 428
535 153 431
536 187 477
537 179 466
538 204 456
539 205 442
540 192 451
541 193 465
542 212 442
543 191 383
544 149 463
545 145 476
546 160 477
547 164 467
548 159 454
549 135 466
550 195 585
551 186 586
552 182 577
553 245 597
554 234 595
555 228 579
556 241 571
557 147 595
558 148 605
559 144 585
560 173 604
561 183 605
562 174 616
563 160 614
564 177 593
565 162 596
566 158 606
567 148 554
568 150 530
569 144 539
570 139 521
571 196 550
572 164 520
573 164 510
574 156 526
575 153 515
576 206 484
577 195 491
578 198 480
579 203 473
580 205 467
581 308 471
582 182 496
583 168 500
584 254 610
585 306 679
586 334 604
587 370 658
588 375 647
589 376 666
590 364 675
591 383 627
592 378 637
593 387 617
594 396 620
595 413 542
596 428 517
597 406 497
598 335 490
599 376 563
600 326 501
601 309 500
602 389 637
603 397 656
604 411 657
605 396 645
606 389 663
607 386 653
608 418 640
609 400 630
610 405 645
611 411 618
612 414 630
613 421 450
614 419 456
615 410 441
616 422 462
617 421 436
618 325 183
619 650 394
620 642 404
621 639 394
622 648 405
623 656 397
624 666 385
625 613 437
626 623 435
627 595 426
628 601 442
629 605 430
630 590 441
631 577 427
632 584 416
633 591 409
634 633 450
635 647 440
636 633 438
637 623 449
638 577 370
639 626 398
640 630 408
641 616 398
642 603 413
643 605 396
644 569 314
645 574 330
646 578 309
647 657 377
648 646 383
649 668 444
650 678 449
651 572 472
652 560 476
653 572 490
654 583 474
655 574 458
656 562 461
657 521 440
658 527 430
659 517 433
660 529 442
661 521 450
662 456 273
663 478 307
664 379 346
665 375 331
666 499 320
667 490 305
668 521 342
669 531 339
670 528 355
671 511 346
672 512 332
673 509 375
674 510 360
675 499 383
676 511 391
677 618 564
678 244 631
679 228 657
680 270 641
681 293 676
682 366 684
683 484 660
684 503 651
685 461 654
686 467 665
687 471 652
688 465 641
689 410 677
690 423 665
691 390 682
692 400 671
693 405 662
694 428 599
695 434 585
696 442 594
697 415 596
698 412 607
699 424 615
700 442 610
701 459 643
702 451 656
703 465 631
704 442 633
705 430 628
706 449 625
707 452 641
708 441 648
709 431 646
710 108 311
711 123 269
712 152 248
713 147 355
714 132 445
715 118 443
716 126 456
717 131 435
718 136 455
719 145 449
720 104 466
721 115 484
722 104 481
723 117 464
724 97 475
725 107 455
726 88 471
727 91 458
728 99 450
729 137 406
730 130 417
731 145 414
732 130 395
733 143 393
734 122 406
735 153 396
736 337 326
737 327 311
738 311 329
739 307 339
740 310 318
741 319 322
742 324 334
743 318 341
744 331 296
745 310 263
746 326 259
747 338 261
748 353 274
749 311 307
750 386 283
751 386 295
752 377 292
753 373 277
754 395 290
755 383 269
756 393 276
757 401 281
758 384 253
759 212 281
760 225 277
761 224 289
762 208 294
763 220 303
764 206 306
765 224 338
766 239 340
767 238 316
768 221 322
769 232 355
770 215 350
771 205 339
772 257 311
773 270 304
774 250 339
775 290 353
776 282 358
777 274 362
778 420 239
779 416 231
780 412 237
781 425 233
782 428 245
783 316 189
784 346 212
785 396 203
786 402 216
787 385 206
788 410 205
789 244 68
790 247 55
791 337 43
792 345 43
793 345 30
794 272 149
795 306 150
796 310 177
797 382 182
798 237 173
799 247 175
800 212 128
801 211 101
802 232 83
803 209 90
804 213 77
805 197 132
806 169 99
807 180 83
808 181 100
809 209 409
810 212 375
811 227 372
812 239 375
813 173 339
814 173 352
815 159 360
816 170 363
817 180 403
818 194 415
819 181 419
820 190 397
821 165 407
822 169 387
823 168 571
824 158 580
825 174 577
826 167 586
827 208 572
828 196 576
829 212 597
830 206 585
831 216 581
832 223 593
833 196 596
834 201 607
835 194 622
836 218 568
837 203 562
838 210 550
839 229 564
840 169 556
841 181 555
842 175 565
843 161 568
844 155 563
845 160 554
846 160 543
847 192 512
848 196 503
849 182 509
850 204 515
851 261 576
852 251 579
853 269 571
854 255 563
855 268 588
856 268 598
857 255 591
858 265 582
859 277 585
860 314 639
861 313 627
862 264 631
863 262 619
864 314 603
865 315 612
866 313 662
867 311 671
868 300 666
869 317 653
870 274 606
871 285 580
872 288 589
873 305 589
874 295 580
875 332 592
876 321 597
877 365 635
878 343 594
879 348 622
880 329 618
881 356 632
882 469 390
883 481 393
884 460 381
885 451 396
886 459 394
887 452 386
888 444 384
889 354 681
890 340 636
891 349 640
892 331 633
893 345 628
894 427 535
895 422 543
896 436 541
897 384 493
898 393 495
899 368 530
900 346 492
901 340 526
902 321 515
903 338 509
904 353 526
905 351 513
906 310 540
907 303 525
908 319 528
909 354 539
910 283 560
911 276 563
912 282 572
913 287 551
914 393 556
915 386 564
916 403 555
917 402 546
918 416 565
919 404 565
920 414 552
921 426 571
922 428 561
923 421 581
924 427 552
925 412 582
926 406 590
927 393 604
928 403 602
929 419 420
930 429 425
931 439 413
932 401 408
933 406 421
934 392 417
935 393 403
936 402 399
937 410 405
938 418 410
939 406 392
940 408 383
941 430 388
942 357 201
943 349 207
944 343 197
945 653 368
946 632 361
947 625 371
948 635 354
949 641 368
950 620 419
951 629 416
952 631 426
953 618 428
954 619 407
955 612 416
956 610 425
957 626 463
958 641 453
959 643 472
960 632 472
961 642 482
962 643 460
963 557 411
964 569 409
965 562 390
966 566 423
967 554 422
968 550 393
969 525 373
970 564 377
971 547 381
972 594 120
973 622 359
974 586 337
975 504 313
976 514 323
977 650 341
978 645 355
979 654 356
980 541 321
981 557 314
982 561 329
983 545 311
984 544 333
985 528 326
986 685 305
987 688 362
988 674 350
989 666 361
990 682 353
991 668 341
992 660 348
993 545 179
994 525 181
995 537 166
996 555 153
997 657 466
998 668 458
999 654 456
1000 668 468
1001 648 467
1002 661 482
1003 460 280
1004 469 296
1005 453 283
1006 496 260
1007 476 278
1008 487 278
1009 480 289
1010 467 284
1011 468 269
1012 482 266
1013 484 316
1014 457 327
1015 465 316
1016 466 305
1017 453 294
1018 395 320
1019 382 323
1020 376 308
1021 406 334
1022 485 373
1023 485 380
1024 474 380
1025 473 369
1026 601 570
1027 598 556
1028 593 568
1029 609 573
1030 599 583
1031 607 555
1032 587 574
1033 227 641
1034 233 635
1035 235 646
1036 223 652
1037 245 649
1038 257 654
1039 270 657
1040 287 666
1041 272 650
1042 133 593
1043 444 674
1044 455 670
1045 424 680
1046 476 592
1047 468 597
1048 473 579
1049 465 587
1050 486 612
1051 471 621
1052 487 629
1053 503 611
1054 468 607
1055 477 604
1056 485 595
1057 499 595
1058 130 277
1059 112 286
1060 149 272
1061 149 263
1062 98 297
1063 98 276
1064 53 302
1065 68 298
1066 81 290
1067 87 278
1068 351 312
1069 352 327
1070 362 314
1071 344 319
1072 347 291
1073 339 310
1074 419 282
1075 408 279
1076 419 266
1077 410 272
1078 396 267
1079 282 158
1080 267 163
1081 283 234
1082 295 246
1083 301 234
1084 349 226
1085 337 225
1086 346 218
1087 348 238
1088 358 236
1089 331 241
1090 369 227
1091 367 210
1092 121 169
1093 170 188
1094 181 192
1095 182 180
1096 171 202
1097 152 186
1098 152 174
1099 167 173
1100 162 191
1101 137 173
1102 223 255
1103 223 267
1104 161 254
1105 233 262
1106 259 350
1107 258 133
1108 249 125
1109 261 120
1110 330 197
1111 336 206
1112 303 201
1113 314 199
1114 305 188
1115 296 185
1116 308 218
1117 323 218
1118 314 211
1119 315 226
1120 331 213
1121 331 221
1122 323 206
1123 326 230
1124 298 67
1125 273 53
1126 282 46
1127 270 40
1128 256 48
1129 290 39
1130 304 31
1131 424 37
1132 444 41
1133 366 29
1134 433 44
1135 289 135
1136 284 147
1137 274 135
1138 273 124
1139 295 149
1140 305 143
1141 325 173
1142 379 173
1143 305 133
1144 321 140
1145 296 123
1146 404 178
1147 415 187
1148 402 192
1149 393 173
1150 388 190
1151 386 168
1152 458 158
1153 439 181
1154 196 179
1155 210 196
1156 192 208
1157 197 194
1158 185 202
1159 254 221
1160 217 184
1161 225 178
1162 240 132
1163 233 111
1164 223 98
1165 240 95
1166 249 110
1167 239 122
1168 218 114
1169 87 264
1170 140 253
1171 143 240
1172 136 265
1173 121 135
1174 171 116
1175 177 135
1176 223 396
1177 222 384
1178 233 389
1179 245 393
1180 226 406
1181 206 389
1182 205 401
1183 202 630
1184 195 630
1185 217 641
1186 218 558
1187 181 529
1188 196 526
1189 186 519
1190 186 540
1191 175 518
1192 165 532
1193 172 544
1194 219 534
1195 203 537
1196 217 542
1197 212 525
1198 225 547
1199 207 502
1200 294 537
1201 236 554
1202 272 556
1203 294 646
1204 305 649
1205 290 655
1206 298 636
1207 283 639
1208 289 614
1209 279 613
1210 279 623
1211 301 618
1212 293 627
1213 295 601
1214 288 605
1215 293 607
1216 296 593
1217 304 600
1218 283 598
1219 300 609
1220 301 548
1221 292 557
1222 295 570
1223 290 565
1224 311 551
1225 349 584
1226 371 621
1227 378 618
1228 373 631
1229 366 621
1230 374 609
1231 358 602
1232 354 593
1233 365 610
1234 345 610
1235 358 617
1236 427 370
1237 420 379
1238 435 382
1239 442 374
1240 431 358
1241 422 356
1242 356 670
1243 358 662
1244 359 649
1245 424 528
1246 428 525
1247 410 528
1248 407 538
1249 417 533
1250 419 515
1251 419 503
1252 415 522
1253 393 532
1254 401 534
1255 377 545
1256 382 552
1257 390 542
1258 376 536
1259 365 543
1260 367 557
1261 366 520
1262 385 502
1263 364 497
1264 360 484
1265 373 489
1266 353 497
1267 376 501
1268 369 508
1269 360 508
1270 329 547
1271 321 538
1272 336 539
1273 320 549
1274 327 558
1275 382 604
1276 392 597
1277 371 582
1278 379 574
1279 366 569
1280 379 593
1281 362 586
1282 369 597
1283 435 403
1284 421 399
1285 431 396
1286 432 413
1287 443 405
1288 443 395
1289 517 408
1290 538 416
1291 558 354
1292 550 345
1293 681 287
1294 685 297
1295 674 281
1296 672 296
1297 665 280
1298 618 153
1299 632 175
1300 626 165
1301 597 352
1302 610 353
1303 609 364
1304 598 369
1305 588 361
1306 582 348
1307 517 309
1308 523 304
1309 510 303
1310 513 312
1311 525 315
1312 561 303
1313 593 294
1314 589 300
1315 586 324
1316 587 312
1317 595 309
1318 669 310
1319 655 287
1320 671 325
1321 684 338
1322 507 284
1323 497 277
1324 519 294
1325 504 297
1326 493 292
1327 497 336
1328 497 328
1329 437 344
1330 445 327
1331 398 356
1332 392 338
1333 386 356
1334 401 345
1335 384 371
1336 405 369
1337 412 352
1338 425 332
1339 435 333
1340 416 333
1341 427 345
1342 433 315
1343 439 294
1344 450 308
1345 484 355
1346 479 361
1347 493 350
1348 495 366
1349 485 366
1350 240 663
1351 255 669
1352 233 660
1353 235 653
1354 245 658
1355 252 663
1356 270 671
1357 263 672
1358 279 674
1359 277 664
1360 264 663
1361 166 621
1362 143 324
1363 137 318
1364 137 297
1365 137 308
1366 121 300
1367 126 288
1368 137 286
1369 142 279
1370 71 243
1371 85 249
1372 190 292
1373 195 297
1374 172 299
1375 172 308
1376 183 295
1377 174 287
1378 156 308
1379 190 219
1380 205 245
1381 167 227
1382 180 216
1383 172 213
1384 162 215
1385 184 226
1386 176 234
1387 164 241
1388 75 277
1389 74 260
1390 64 253
1391 158 341
1392 166 344
1393 155 324
1394 151 333
1395 164 352
1396 155 350
1397 146 339
1398 315 294
1399 326 277
1400 425 274
1401 413 250
1402 409 260
1403 399 256
1404 398 243
1405 412 244
1406 421 255
1407 422 245
1408 285 216
1409 279 224
1410 291 225
1411 293 206
1412 299 218
1413 268 221
1414 280 209
1415 184 156
1416 186 146
1417 181 166
1418 195 150
1419 150 203
1420 156 207
1421 148 195
1422 159 198
1423 216 259
1424 212 269
1425 192 260
1426 200 255
1427 208 260
1428 239 248
1429 261 333
1430 252 325
1431 228 154
1432 230 127
1433 219 138
1434 222 126
1435 239 163
1436 255 160
1437 260 144
1438 354 40
1439 270 63
1440 262 72
1441 284 63
1442 251 83
1443 314 52
1444 303 42
1445 318 34
1446 296 55
1447 329 39
1448 402 32
1449 412 32
1450 341 173
1451 334 173
1452 344 180
1453 337 187
1454 352 189
1455 346 184
1456 349 174
1457 353 132
1458 338 139
1459 348 55
1460 363 112
1461 387 133
1462 209 162
1463 224 169
1464 220 159
1465 209 177
1466 196 165
1467 203 149
1468 216 148
1469 220 234
1470 233 232
1471 226 245
1472 204 206
1473 212 249
1474 212 239
1475 197 215
1476 227 192
1477 224 188
1478 219 194
1479 233 185
1480 231 220
1481 242 221
1482 258 205
1483 97 252
1484 108 269
1485 136 114
1486 156 104
1487 154 163
1488 163 159
1489 133 154
1490 173 151
1491 150 137
1492 164 127
1493 153 122
1494 161 142
1495 143 120
1496 137 130
1497 138 142
1498 155 152
1499 175 325
1500 167 317
1501 167 330
1502 182 332
1503 193 331
1504 202 326
1505 185 324
1506 207 317
1507 214 634
1508 208 631
1509 206 618
1510 324 582
1511 313 585
1512 305 579
1513 347 566
1514 340 554
1515 355 555
1516 359 575
1517 348 576
1518 336 580
1519 320 680
1520 323 669
1521 327 659
1522 342 649
1523 328 647
1524 407 514
1525 404 523
1526 404 505
1527 389 518
1528 395 524
1529 382 527
1530 379 514
1531 398 515
1532 392 507
1533 392 584
1534 382 583
1535 387 591
1536 394 591
1537 393 573
1538 399 587
1539 403 576
1540 531 391
1541 535 384
1542 522 390
1543 528 401
1544 542 403
1545 549 366
1546 551 373
1547 539 370
1548 540 357
1549 551 360
1550 562 362
1551 562 369
1552 651 257
1553 643 253
1554 671 253
1555 671 265
1556 680 271
1557 671 260
1558 671 272
1559 659 272
1560 658 262
1561 641 184
1562 631 251
1563 636 242
1564 637 255
1565 632 329
1566 622 350
1567 637 343
1568 509 268
1569 585 282
1570 551 300
1571 537 305
1572 533 297
1573 524 264
1574 531 206
1575 535 192
1576 521 197
1577 503 225
1578 513 237
1579 604 305
1580 657 314
1581 659 299
1582 607 285
1583 603 292
1584 621 286
1585 614 291
1586 526 280
1587 530 290
1588 522 286
1589 517 277
1590 525 271
1591 686 318
1592 683 312
1593 678 311
1594 682 325
1595 689 312
1596 689 328
1597 590 192
1598 611 167
1599 603 181
1600 591 151
1601 606 149
1602 554 191
1603 574 197
1604 564 205
1605 539 216
1606 550 210
1607 627 246
1608 610 275
1609 478 333
1610 471 325
1611 486 324
1612 488 336
1613 479 344
1614 466 338
1615 454 358
1616 439 353
1617 441 363
1618 446 345
1619 453 371
1620 456 343
1621 463 368
1622 469 358
1623 469 349
1624 414 301
1625 411 289
1626 425 288
1627 429 301
1628 417 316
1629 404 294
1630 405 314
1631 395 303
1632 200 642
1633 213 651
1634 181 630
1635 124 332
1636 137 345
1637 120 343
1638 134 331
1639 115 324
1640 124 315
1641 107 154
1642 104 174
1643 83 192
1644 88 174
1645 56 233
1646 59 240
1647 310 274
1648 307 285
1649 286 302
1650 298 303
1651 438 273
1652 432 278
1653 429 270
1654 437 263
1655 447 272
1656 444 283
1657 429 264
1658 435 284
1659 277 194
1660 271 203
1661 271 192
1662 288 189
1663 283 195
1664 285 201
1665 197 276
1666 196 266
1667 204 272
1668 186 271
1669 186 279
1670 201 286
1671 189 285
1672 236 279
1673 257 286
1674 246 297
1675 235 295
1676 269 260
1677 272 279
1678 285 261
1679 282 248
1680 255 255
1681 272 241
1682 251 243
1683 260 237
1684 281 309
1685 297 314
1686 271 316
1687 237 144
1688 226 141
1689 236 152
1690 233 136
1691 247 137
1692 248 150
1693 367 51
1694 368 37
1695 362 45
1696 355 60
1697 275 112
1698 261 100
1699 286 116
1700 511 61
1701 518 70
1702 515 92
1703 515 105
1704 504 111
1705 390 32
1706 380 33
1707 376 45
1708 359 96
1709 369 193
1710 350 115
1711 306 90
1712 315 82
1713 312 63
1714 307 71
1715 337 96
1716 349 99
1717 415 141
1718 438 144
1719 402 168
1720 419 175
1721 458 120
1722 447 129
1723 485 140
1724 370 135
1725 381 126
1726 379 138
1727 365 124
1728 107 250
1729 118 257
1730 128 250
1731 115 243
1732 135 186
1733 142 204
1734 134 197
1735 97 188
1736 114 189
1737 123 198
1738 188 313
1739 195 309
1740 185 305
1741 190 319
1742 179 317
1743 222 619
1744 216 627
1745 225 630
1746 215 617
1747 233 622
1748 235 612
1749 216 607
1750 313 566
1751 316 559
1752 331 570
1753 317 573
1754 304 570
1755 302 560
1756 334 675
1757 341 682
1758 329 679
1759 342 665
1760 332 666
1761 338 672
1762 337 657
1763 346 673
1764 348 658
1765 681 260
1766 621 183
1767 656 217
1768 663 222
1769 653 235
1770 655 225
1771 665 233
1772 647 224
1773 645 244
1774 655 247
1775 666 244
1776 608 330
1777 622 338
1778 610 342
1779 609 315
1780 599 320
1781 595 330
1782 598 340
1783 544 277
1784 552 288
1785 537 267
1786 541 289
1787 533 277
1788 527 250
1789 520 257
1790 532 258
1791 522 243
1792 512 253
1793 629 308
1794 616 302
1795 629 295
1796 620 319
1797 643 298
1798 644 316
1799 640 307
1800 638 321
1801 649 312
1802 655 329
1803 620 276
1804 631 262
1805 578 170
1806 570 161
1807 577 155
1808 595 165
1809 588 178
1810 574 184
1811 560 173
1812 579 219
1813 565 221
1814 555 233
1815 591 223
1816 565 248
1817 619 261
1818 616 248
1819 592 256
1820 580 247
1821 575 257
1822 578 268
1823 597 274
1824 606 259
1825 580 237
1826 598 235
1827 607 244
1828 70 212
1829 62 221
1830 72 199
1831 82 208
1832 51 260
1833 38 306
1834 54 282
1835 44 291
1836 59 291
1837 65 274
1838 56 273
1839 43 277
1840 292 280
1841 301 280
1842 297 270
1843 283 273
1844 277 286
1845 275 294
1846 247 267
1847 260 272
1848 246 260
1849 247 278
1850 238 269
1851 271 326
1852 275 346
1853 269 337
1854 287 89
1855 296 107
1856 301 98
1857 276 98
1858 300 81
1859 274 80
1860 289 74
1861 497 78
1862 495 57
1863 485 74
1864 504 68
1865 508 86
1866 513 78
1867 444 62
1868 434 57
1869 452 78
1870 439 73
1871 447 92
1872 445 52
1873 453 66
1874 464 126
1875 496 127
1876 493 141
1877 497 106
1878 495 93
1879 482 120
1880 365 59
1881 376 55
1882 414 47
1883 389 43
1884 385 50
1885 383 61
1886 400 42
1887 375 117
1888 368 104
1889 378 95
1890 369 95
1891 365 168
1892 358 179
1893 354 167
1894 366 179
1895 360 139
1896 376 166
1897 373 179
1898 322 112
1899 315 99
1900 314 121
1901 327 100
1902 337 109
1903 340 121
1904 334 127
1905 338 73
1906 324 74
1907 326 63
1908 349 71
1909 339 55
1910 331 86
1911 330 55
1912 349 84
1913 469 143
1914 485 149
1915 477 155
1916 479 136
1917 466 154
1918 471 131
1919 455 145
1920 457 136
1921 129 222
1922 125 237
1923 139 230
1924 150 222
1925 133 211
1926 103 218
1927 115 226
1928 117 213
1929 107 205
1930 108 233
1931 96 206
1932 609 206
1933 592 205
1934 614 195
1935 602 216
1936 618 212
1937 638 201
1938 643 216
1939 628 201
1940 644 194
1941 652 210
1942 654 203
1943 639 275
1944 642 264
1945 649 273
1946 628 271
1947 631 282
1948 642 286
1949 627 232
1950 621 243
1951 631 238
1952 612 229
1953 622 222
1954 641 232
1955 633 216
1956 86 228
1957 73 224
1958 78 235
1959 89 216
1960 98 226
1961 95 237
1962 289 290
1963 282 287
1964 289 285
1965 288 295
1966 300 292
1967 290 334
1968 293 342
1969 300 333
1970 281 333
1971 298 325
1972 286 320
1973 456 42
1974 474 97
1975 461 92
1976 462 110
1977 483 107
1978 483 87
1979 361 68
1980 426 63
1981 378 105
1982 383 116
1983 398 119
1984 406 128
1985 396 138
1986 391 121
1987 426 111
1988 423 128
1989 438 122
1990 443 107
1991 435 95
1992 462 54
1993 469 75
1994 457 60
1995 379 77
1996 373 86
1997 363 82
1998 369 74
1999 374 66
2000 384 89
2001 402 105
2002 394 96
2003 389 103
2004 387 110
2005 406 114
2006 415 105
2007 399 70
2008 388 68
2009 390 80
2010 394 55
2011 404 56
2012 414 62
2013 477 54
2014 481 63
2015 483 49
2016 469 60
2017 468 46
2018 476 43
2019 414 86
2020 398 86
2021 406 95
2022 411 76
2023 422 94
2024 430 81
